12.8
13.6
18.33
19.12
25.04
25.44
25.63
31.16
31.55
31.75
37.67
38.07
44.38
50.69
51.48
51.88
52.08
52.27
52.67
53.06
53.86
54.25
54.44
54.64
54.84
55.04
55.43
55.63
55.82
56.02
56.22
56.42
56.81
57.01
57.21
57.4
57.61
57.8
58.0
58.19
58.39
58.59
58.98
59.18
59.38
60.17
60.56
61.16
61.35
61.75
62.14
62.54
62.93
63.13
63.33
64.12
64.51
64.71
64.91
65.3
65.69
66.49
66.88
67.27
67.47
67.67
68.06
68.26
68.46
68.85
69.05
69.44
69.64
69.84
70.03
70.24
70.43
70.63
70.83
71.02
71.22
71.62
72.01
73.99
76.55
76.75
76.95
77.14
77.34
77.53
77.74
77.93
78.13
78.33
79.12
79.51
79.71
79.9
80.1
80.3
80.7
80.89
81.09
81.29
81.48
81.68
81.88
82.08
82.28
82.67
83.06
83.46
83.66
84.25
84.45
84.64
85.83
86.22
86.62
87.01
87.4
87.8
88.2
88.59
89.38
89.58
89.77
89.97
90.17
90.56
90.96
91.75
92.14
92.54
92.73
92.93
93.32
93.52
93.72
94.11
94.71
94.9
95.69
95.89
96.09
96.29
96.49
96.88
97.28
99.25
101.22
101.62
102.01
102.4
102.8
103.19
103.59
103.98
104.38
104.77
105.17
105.56
105.95
106.35
106.74
107.14
107.53
107.93
108.32
108.72
109.11
109.51
109.9
110.3
110.69
111.09
111.48
111.88
112.27
112.67
113.06
113.46
113.85
114.25
114.64
115.03
115.43
115.82
116.22
116.61
117.01
117.4
117.8
118.19
118.59
118.98
119.37
119.77
120.17
120.56
120.95
121.35
121.74
122.14
122.53
122.93
123.32
123.72
124.11
124.51
124.9
125.3
125.69
126.88
127.27
127.67
128.06
128.46
128.85
129.25
129.64
130.04
130.43
130.82
131.22
131.61
132.01
132.4
132.8
133.19
133.59
133.98
134.37
134.77
135.16
135.56
135.95
136.74
137.14
137.53
137.93
138.32
138.72
139.11
139.51
139.9
140.3
140.69
141.09
141.48
141.88
142.27
142.67
143.06
143.46
143.85
144.25
144.64
145.04
145.43
145.83
146.22
146.61
147.01
147.4
147.8
148.19
148.59
149.38
149.77
150.17
150.56
150.96
151.35
151.75
152.14
152.53
152.93
153.32
153.72
154.11
154.51
154.9
155.3
155.69
156.09
156.48
156.88
157.27
157.67
158.06
158.46
158.85
159.25
159.64
160.04
160.43
161.22
162.01
165.96
166.75
169.9
172.27
173.06
174.64
178.59
179.38
182.54
184.9
187.27
191.22
192.01
192.8
195.17
197.54
199.91
203.88
204.64
206.23
207.8
209.39
210.96
212.54
215.7
216.51
216.88
217.27
218.86
220.43
222.02
223.59
225.17
226.37
226.76
226.96
227.35
228.33
229.12
229.51
229.9
230.3
230.7
231.49
231.88
233.06
233.86
234.65
235.43
235.83
236.22
237.8
238.2
238.59
239.38
239.98
240.96
241.35
241.55
241.75
242.14
242.34
242.53
243.72
243.92
244.11
244.52
245.3
245.5
245.69
246.09
246.29
246.49
246.88
247.28
247.47
247.67
247.87
248.46
248.85
250.26
251.63
253.59
253.98
254.19
254.38
254.58
254.77
254.89
255.17
257.15
257.56
259.91
260.3
260.5
260.89
261.09
261.48
262.28
262.89
263.49
265.42
265.48
266.15
266.23
266.42
266.62
266.81
267.01
267.41
267.63
267.75
267.8
268.24
268.6
268.64
269.31
269.39
269.78
270.79
270.89
270.96
271.26
271.55
272.54
272.93
273.13
273.33
273.72
273.95
274.12
274.54
274.91
275.08
276.09
276.88
277.1
277.2
277.28
278.11
278.78
278.86
279.45
279.64
280.04
280.36
280.43
280.85
281.22
281.62
281.94
282.01
282.4
282.51
282.8
283.2
283.42
283.51
283.59
284.38
284.78
285.1
285.17
285.56
285.6
285.96
286.36
286.58
286.66
286.75
287.75
288.15
288.75
289.15
289.54
290.31
293.46
295.04
296.23
297.01
297.8
298.2
298.4
298.99
300.17
300.56
300.77
301.35
302.15
302.46
302.54
302.74
302.94
303.33
303.37
304.04
304.71
304.91
304.95
305.3
305.54
305.69
306.11
306.48
306.53
306.88
307.21
307.67
307.71
308.46
308.69
308.78
308.85
309.65
310.38
310.83
310.87
310.93
311.22
311.62
311.7
311.83
312.01
313.42
314.0
314.06
