12.82
13.62
14.02
14.22
14.8
15.2
15.59
15.99
16.58
17.17
17.97
18.35
18.56
18.95
19.14
19.93
20.53
21.12
21.51
21.91
22.3
22.89
23.49
24.27
24.67
25.06
25.46
25.66
26.25
26.65
26.85
27.43
27.83
28.22
28.62
29.21
29.8
30.6
30.99
31.19
31.58
31.78
32.56
33.16
33.75
34.15
34.54
34.93
35.52
36.12
36.91
37.3
37.7
38.09
38.88
39.28
39.48
40.07
40.46
40.85
41.25
41.84
42.43
43.23
43.62
43.82
44.21
44.41
45.2
45.79
46.38
46.78
47.17
47.56
48.16
48.75
49.54
49.93
50.33
50.72
51.51
51.91
52.11
52.7
53.09
53.48
53.88
54.47
55.06
55.86
56.25
56.45
56.84
57.04
57.83
58.42
59.01
59.41
59.8
60.2
60.79
61.38
62.17
62.57
62.96
63.36
64.14
64.54
64.74
65.33
65.72
66.12
66.51
67.1
67.7
68.5
68.88
69.08
69.47
69.67
70.46
71.06
71.64
72.04
72.43
72.83
73.42
74.01
74.8
75.2
75.59
75.99
76.77
77.17
77.37
77.96
78.35
78.75
79.14
79.74
80.33
81.13
81.51
81.71
82.11
82.3
83.09
83.69
84.28
84.67
85.06
85.46
86.05
86.64
87.43
87.83
88.22
88.62
89.41
89.81
90.01
90.59
90.99
91.38
91.77
92.37
92.96
93.76
94.14
94.34
94.74
94.93
95.72
96.32
96.91
97.3
97.7
98.09
98.68
99.28
126.51
126.91
127.3
127.69
128.09
128.48
128.88
129.27
129.67
130.07
130.46
130.85
131.25
131.64
132.04
132.43
132.82
133.22
133.61
134.01
134.4
134.8
135.19
135.59
135.98
136.38
136.77
137.17
137.56
137.96
138.35
138.75
139.14
139.54
139.93
140.33
140.72
141.11
141.51
141.9
142.3
142.7
143.09
143.48
143.88
144.27
144.67
145.06
145.46
145.85
146.25
146.64
147.04
147.43
147.82
148.22
148.61
149.01
149.4
149.8
150.2
150.59
150.98
151.38
151.77
152.17
152.56
152.96
153.35
153.75
154.14
154.54
154.93
155.33
155.72
156.12
156.51
156.9
157.3
157.69
158.09
158.48
158.88
159.27
159.67
160.06
160.46
160.85
161.25
161.65
162.04
162.43
162.83
163.22
163.61
164.01
164.4
165.19
165.98
166.77
167.56
168.35
168.75
169.14
169.93
170.72
171.51
172.3
172.7
173.09
173.88
174.67
175.46
176.25
177.04
177.83
178.61
179.4
180.19
180.98
181.39
181.77
182.56
183.35
184.14
184.93
185.33
185.72
186.51
187.3
188.09
188.88
189.67
190.46
191.25
192.04
192.83
193.61
194.02
194.41
195.19
195.98
196.77
197.56
197.96
198.35
199.14
199.93
200.72
201.51
202.3
203.09
203.88
204.67
205.46
206.25
206.65
207.04
207.83
208.61
209.4
210.19
210.59
210.99
211.77
212.56
213.35
214.14
214.93
215.72
216.51
217.3
218.09
218.88
219.28
219.67
220.46
221.25
222.04
222.83
223.22
223.62
224.4
225.19
225.98
226.77
227.56
228.35
229.14
229.93
230.72
231.51
231.91
232.3
233.09
233.88
234.67
235.46
235.85
236.25
237.04
237.83
238.61
239.41
240.19
240.98
241.77
242.56
243.35
244.14
244.54
244.93
245.72
246.51
247.3
248.09
248.48
248.88
249.67
250.46
251.25
252.04
252.83
253.62
254.41
255.19
255.98
256.77
257.17
257.57
258.35
259.14
259.93
260.72
261.12
261.51
262.3
263.09
263.88
265.46
266.25
266.64
266.84
267.43
267.83
268.22
268.62
269.21
269.8
270.4
270.6
270.98
271.19
271.58
271.77
272.56
272.96
273.16
273.75
274.14
274.54
274.93
275.52
276.12
276.91
277.3
277.7
278.09
278.88
279.28
279.48
280.06
280.46
280.85
281.25
281.84
282.43
283.03
283.23
283.62
283.82
284.21
284.41
285.19
285.59
285.79
286.38
286.78
287.17
287.56
288.16
288.75
289.54
289.93
290.33
290.72
291.51
291.91
292.11
292.69
293.09
293.48
293.88
294.47
295.06
295.66
295.86
296.25
296.45
296.84
297.04
297.83
298.22
298.42
299.01
299.41
299.8
300.19
300.79
301.38
302.17
302.57
302.77
302.97
303.16
303.36
304.14
304.54
304.74
305.33
305.72
306.11
306.51
307.1
307.69
308.3
308.49
308.88
309.08
309.47
309.67
310.46
310.86
311.06
311.64
312.04
312.43
312.83
313.42
314.01